25
-1 5 1 48 38 47 15 47 19 27 19 24 37 44 7 7 1 17 45 20 3 27 9 11 41
5 -1 22 10 22 41 42 12 28 41 39 27 4 11 34 42 6 36 22 21 24 42 20 46 16
1 22 -1 6 28 39 2 25 4 5 13 8 2 42 40 45 32 23 29 22 14 23 44 18 36
48 10 6 -1 6 41 12 16 22 8 37 14 21 15 11 27 31 38 21 30 5 39 47 11 16
38 22 28 6 -1 48 7 16 4 29 32 6 22 47 50 38 3 35 46 38 15 49 40 9 40
47 41 39 41 48 -1 21 21 31 34 39 8 12 20 3 36 19 33 15 13 6 30 31 33 11
15 42 2 12 7 21 -1 17 10 47 8 37 6 20 41 24 49 7 40 36 30 11 45 15 39
47 12 25 16 16 21 17 -1 14 5 20 49 50 15 24 40 39 46 13 50 22 11 21 8 45
19 28 4 22 4 31 10 14 -1 45 35 25 15 37 6 42 24 44 3 24 38 50 39 50 47
27 41 5 8 29 34 47 5 45 -1 7 49 45 9 29 8 7 48 40 47 41 35 3 24 28
19 39 13 37 32 39 8 20 35 7 -1 46 47 42 8 22 39 35 23 6 34 35 41 32 3
24 27 8 14 6 8 37 49 25 49 46 -1 19 37 40 12 5 49 38 46 34 25 9 15 37
37 4 2 21 22 12 6 50 15 45 47 19 -1 44 14 29 50 36 2 19 27 39 43 46 25
44 11 42 15 47 20 20 15 37 9 42 37 44 -1 33 19 30 33 25 41 12 13 49 23 48
7 34 40 11 50 3 41 24 6 29 8 40 14 33 -1 16 25 3 26 37 39 25 48 4 38
7 42 45 27 38 36 24 40 42 8 22 12 29 19 16 -1 30 44 29 11 1 29 44 25 8
1 6 32 31 3 19 49 39 24 7 39 5 50 30 25 30 -1 50 3 7 11 12 13 27 16
17 36 23 38 35 33 7 46 44 48 35 49 36 33 3 44 50 -1 1 36 9 42 13 18 24
45 22 29 21 46 15 40 13 3 40 23 38 2 25 26 29 3 1 -1 48 17 11 29 46 40
20 21 22 30 38 13 36 50 24 47 6 46 19 41 37 11 7 36 48 -1 43 27 48 50 9
3 24 14 5 15 6 30 22 38 41 34 34 27 12 39 1 11 9 17 43 -1 3 14 4 11
27 42 23 39 49 30 11 11 50 35 35 25 39 13 25 29 12 42 11 27 3 -1 44 28 5
9 20 44 47 40 31 45 21 39 3 41 9 43 49 48 44 13 13 29 48 14 44 -1 32 7
11 46 18 11 9 33 15 8 50 24 32 15 46 23 4 25 27 18 46 50 4 28 32 -1 12
41 16 36 16 40 11 39 45 47 28 3 37 25 48 38 8 16 24 40 9 11 5 7 12 -1